00 00 00 00 00 00 00 00
00 00 00 00 00 00 00 00
00 00 00 00 00 00 00 00
00 00 00 00 00 00 00 00
00 00 00 00 00 00 00 00
94 1a 40 00 00 00 00 00	//address 1 of gadget
bf 19 40 00 00 00 00 00	//address 2 of gadget
b2 19 40 00 00 00 00 00	//address 3 of gadget
f4 18 40 00 00 00 00 00	//address of touch3
00 00 00 00 00 00 00 00
00 00 00 00 00 00 00 00
00 00 00 00 00 00 00 00
00 00 00 00 00 00 00
34 63 39 32 61 65 36 38	//cookie
00


//Address 1 & Address 3
//401923 401989
//401a23 4019b2
//401a37 401989
//401a80 401989
//401980 4019b2
//401994 401989
//401a94 4019b2